NEW MCTS ITERATION-------------------

Initial State:  (array([49.84285649, 31.23484355,  1.78902047]), array([50.        , 50.        , 50.58708152, 49.73547442, 49.41222216,
       49.87478585, 50.        , 50.        ]), array([[ 8.        ,  0.        ,  0.        ,  0.        ,  0.        ,
         0.        ,  0.        ,  0.        ],
       [ 0.        ,  8.        ,  0.        ,  0.        ,  0.        ,
         0.        ,  0.        ,  0.        ],
       [ 0.        ,  0.        ,  6.95829512,  0.26491632,  0.        ,
         0.        ,  0.        ,  0.        ],
       [ 0.        ,  0.        ,  0.26491632,  7.4717303 ,  0.        ,
         0.        ,  0.        ,  0.        ],
       [ 0.        ,  0.        ,  0.        ,  0.        ,  6.84520249,
        -0.04151634,  0.        ,  0.        ],
       [ 0.        ,  0.        ,  0.        ,  0.        , -0.04151634,
         7.58217607,  0.        ,  0.        ],
       [ 0.        ,  0.        ,  0.        ,  0.        ,  0.        ,
         0.        ,  8.        ,  0.        ],
       [ 0.        ,  0.        ,  0.        ,  0.        ,  0.        ,
         0.        ,  0.        ,  8.        ]]), 0)
Next Learning Iteration
Node hash:  110530365413
Root node:  state: (array([49.84285649, 31.23484355,  1.78902047]), array([50.        , 50.        , 50.58708152, 49.73547442, 49.41222216,
       49.87478585, 50.        , 50.        ]), array([[ 8.        ,  0.        ,  0.        ,  0.        ,  0.        ,
         0.        ,  0.        ,  0.        ],
       [ 0.        ,  8.        ,  0.        ,  0.        ,  0.        ,
         0.        ,  0.        ,  0.        ],
       [ 0.        ,  0.        ,  6.95829512,  0.26491632,  0.        ,
         0.        ,  0.        ,  0.        ],
       [ 0.        ,  0.        ,  0.26491632,  7.4717303 ,  0.        ,
         0.        ,  0.        ,  0.        ],
       [ 0.        ,  0.        ,  0.        ,  0.        ,  6.84520249,
        -0.04151634,  0.        ,  0.        ],
       [ 0.        ,  0.        ,  0.        ,  0.        , -0.04151634,
         7.58217607,  0.        ,  0.        ],
       [ 0.        ,  0.        ,  0.        ,  0.        ,  0.        ,
         0.        ,  8.        ,  0.        ],
       [ 0.        ,  0.        ,  0.        ,  0.        ,  0.        ,
         0.        ,  0.        ,  8.        ]]), 0)
is_final: False
visits: 0
reward: 0.0
is_root: True

Starting Decision node:  state: (array([49.84285649, 31.23484355,  1.78902047]), array([50.        , 50.        , 50.58708152, 49.73547442, 49.41222216,
       49.87478585, 50.        , 50.        ]), array([[ 8.        ,  0.        ,  0.        ,  0.        ,  0.        ,
         0.        ,  0.        ,  0.        ],
       [ 0.        ,  8.        ,  0.        ,  0.        ,  0.        ,
         0.        ,  0.        ,  0.        ],
       [ 0.        ,  0.        ,  6.95829512,  0.26491632,  0.        ,
         0.        ,  0.        ,  0.        ],
       [ 0.        ,  0.        ,  0.26491632,  7.4717303 ,  0.        ,
         0.        ,  0.        ,  0.        ],
       [ 0.        ,  0.        ,  0.        ,  0.        ,  6.84520249,
        -0.04151634,  0.        ,  0.        ],
       [ 0.        ,  0.        ,  0.        ,  0.        , -0.04151634,
         7.58217607,  0.        ,  0.        ],
       [ 0.        ,  0.        ,  0.        ,  0.        ,  0.        ,
         0.        ,  8.        ,  0.        ],
       [ 0.        ,  0.        ,  0.        ,  0.        ,  0.        ,
         0.        ,  0.        ,  8.        ]]), 0)
is_final: False
visits: 0
reward: 0.0
is_root: True

Action selected: (0.0, 0.0)
New Random node: action: [0. 0.]
cumulative reward: 0.0
visits: 0
Starting forward simulation state:  (array([49.84285649, 31.23484355,  1.78902047]), array([50.        , 50.        , 50.58708152, 49.73547442, 49.41222216,
       49.87478585, 50.        , 50.        ]), array([[ 8.        ,  0.        ,  0.        ,  0.        ,  0.        ,
         0.        ,  0.        ,  0.        ],
       [ 0.        ,  8.        ,  0.        ,  0.        ,  0.        ,
         0.        ,  0.        ,  0.        ],
       [ 0.        ,  0.        ,  6.95829512,  0.26491632,  0.        ,
         0.        ,  0.        ,  0.        ],
       [ 0.        ,  0.        ,  0.26491632,  7.4717303 ,  0.        ,
         0.        ,  0.        ,  0.        ],
       [ 0.        ,  0.        ,  0.        ,  0.        ,  6.84520249,
        -0.04151634,  0.        ,  0.        ],
       [ 0.        ,  0.        ,  0.        ,  0.        , -0.04151634,
         7.58217607,  0.        ,  0.        ],
       [ 0.        ,  0.        ,  0.        ,  0.        ,  0.        ,
         0.        ,  8.        ,  0.        ],
       [ 0.        ,  0.        ,  0.        ,  0.        ,  0.        ,
         0.        ,  0.        ,  8.        ]]), 0)
New Decision node: state: (array([49.84285649, 31.23484355,  1.78902047]), array([50.        , 50.        , 50.65282739, 49.70487981, 49.33360577,
       49.86218375, 50.        , 50.        ]), array([[ 8.        ,  0.        ,  0.        ,  0.        ,  0.        ,
         0.        ,  0.        ,  0.        ],
       [ 0.        ,  8.        ,  0.        ,  0.        ,  0.        ,
         0.        ,  0.        ,  0.        ],
       [ 0.        ,  0.        ,  6.81132777,  0.30175203,  0.        ,
         0.        ,  0.        ,  0.        ],
       [ 0.        ,  0.        ,  0.30175203,  7.3903501 ,  0.        ,
         0.        ,  0.        ,  0.        ],
       [ 0.        ,  0.        ,  0.        ,  0.        ,  6.6817555 ,
        -0.039771  ,  0.        ,  0.        ],
       [ 0.        ,  0.        ,  0.        ,  0.        , -0.039771  ,
         7.51733094,  0.        ,  0.        ],
       [ 0.        ,  0.        ,  0.        ,  0.        ,  0.        ,
         0.        ,  8.        ,  0.        ],
       [ 0.        ,  0.        ,  0.        ,  0.        ,  0.        ,
         0.        ,  0.        ,  8.        ]]), 1)
is_final: True
visits: 0
reward: 0.0
is_root: False

Updated Decision node: state: (array([49.84285649, 31.23484355,  1.78902047]), array([50.        , 50.        , 50.65282739, 49.70487981, 49.33360577,
       49.86218375, 50.        , 50.        ]), array([[ 8.        ,  0.        ,  0.        ,  0.        ,  0.        ,
         0.        ,  0.        ,  0.        ],
       [ 0.        ,  8.        ,  0.        ,  0.        ,  0.        ,
         0.        ,  0.        ,  0.        ],
       [ 0.        ,  0.        ,  6.81132777,  0.30175203,  0.        ,
         0.        ,  0.        ,  0.        ],
       [ 0.        ,  0.        ,  0.30175203,  7.3903501 ,  0.        ,
         0.        ,  0.        ,  0.        ],
       [ 0.        ,  0.        ,  0.        ,  0.        ,  6.6817555 ,
        -0.039771  ,  0.        ,  0.        ],
       [ 0.        ,  0.        ,  0.        ,  0.        , -0.039771  ,
         7.51733094,  0.        ,  0.        ],
       [ 0.        ,  0.        ,  0.        ,  0.        ,  0.        ,
         0.        ,  8.        ,  0.        ],
       [ 0.        ,  0.        ,  0.        ,  0.        ,  0.        ,
         0.        ,  0.        ,  8.        ]]), 1)
is_final: True
visits: 0
reward: 0.0
is_root: False

Starting forward simulation state:  (array([49.84285649, 31.23484355,  1.78902047]), array([50.        , 50.        , 50.65282739, 49.70487981, 49.33360577,
       49.86218375, 50.        , 50.        ]), array([[ 8.        ,  0.        ,  0.        ,  0.        ,  0.        ,
         0.        ,  0.        ,  0.        ],
       [ 0.        ,  8.        ,  0.        ,  0.        ,  0.        ,
         0.        ,  0.        ,  0.        ],
       [ 0.        ,  0.        ,  6.81132777,  0.30175203,  0.        ,
         0.        ,  0.        ,  0.        ],
       [ 0.        ,  0.        ,  0.30175203,  7.3903501 ,  0.        ,
         0.        ,  0.        ,  0.        ],
       [ 0.        ,  0.        ,  0.        ,  0.        ,  6.6817555 ,
        -0.039771  ,  0.        ,  0.        ],
       [ 0.        ,  0.        ,  0.        ,  0.        , -0.039771  ,
         7.51733094,  0.        ,  0.        ],
       [ 0.        ,  0.        ,  0.        ,  0.        ,  0.        ,
         0.        ,  8.        ,  0.        ],
       [ 0.        ,  0.        ,  0.        ,  0.        ,  0.        ,
         0.        ,  0.        ,  8.        ]]), 1)
Next Learning Iteration
Node hash:  110530365413
Root node:  state: (array([49.84285649, 31.23484355,  1.78902047]), array([50.        , 50.        , 50.58708152, 49.73547442, 49.41222216,
       49.87478585, 50.        , 50.        ]), array([[ 8.        ,  0.        ,  0.        ,  0.        ,  0.        ,
         0.        ,  0.        ,  0.        ],
       [ 0.        ,  8.        ,  0.        ,  0.        ,  0.        ,
         0.        ,  0.        ,  0.        ],
       [ 0.        ,  0.        ,  6.95829512,  0.26491632,  0.        ,
         0.        ,  0.        ,  0.        ],
       [ 0.        ,  0.        ,  0.26491632,  7.4717303 ,  0.        ,
         0.        ,  0.        ,  0.        ],
       [ 0.        ,  0.        ,  0.        ,  0.        ,  6.84520249,
        -0.04151634,  0.        ,  0.        ],
       [ 0.        ,  0.        ,  0.        ,  0.        , -0.04151634,
         7.58217607,  0.        ,  0.        ],
       [ 0.        ,  0.        ,  0.        ,  0.        ,  0.        ,
         0.        ,  8.        ,  0.        ],
       [ 0.        ,  0.        ,  0.        ,  0.        ,  0.        ,
         0.        ,  0.        ,  8.        ]]), 0)
is_final: False
visits: 1
reward: 0.0
is_root: True

Starting Decision node:  state: (array([49.84285649, 31.23484355,  1.78902047]), array([50.        , 50.        , 50.58708152, 49.73547442, 49.41222216,
       49.87478585, 50.        , 50.        ]), array([[ 8.        ,  0.        ,  0.        ,  0.        ,  0.        ,
         0.        ,  0.        ,  0.        ],
       [ 0.        ,  8.        ,  0.        ,  0.        ,  0.        ,
         0.        ,  0.        ,  0.        ],
       [ 0.        ,  0.        ,  6.95829512,  0.26491632,  0.        ,
         0.        ,  0.        ,  0.        ],
       [ 0.        ,  0.        ,  0.26491632,  7.4717303 ,  0.        ,
         0.        ,  0.        ,  0.        ],
       [ 0.        ,  0.        ,  0.        ,  0.        ,  6.84520249,
        -0.04151634,  0.        ,  0.        ],
       [ 0.        ,  0.        ,  0.        ,  0.        , -0.04151634,
         7.58217607,  0.        ,  0.        ],
       [ 0.        ,  0.        ,  0.        ,  0.        ,  0.        ,
         0.        ,  8.        ,  0.        ],
       [ 0.        ,  0.        ,  0.        ,  0.        ,  0.        ,
         0.        ,  0.        ,  8.        ]]), 0)
is_final: False
visits: 1
reward: 0.0
is_root: True

Action selected: (10.0, 45.0)
New Random node: action: [10. 45.]
cumulative reward: 0.0
visits: 0
Starting forward simulation state:  (array([49.84285649, 31.23484355,  1.78902047]), array([50.        , 50.        , 50.58708152, 49.73547442, 49.41222216,
       49.87478585, 50.        , 50.        ]), array([[ 8.        ,  0.        ,  0.        ,  0.        ,  0.        ,
         0.        ,  0.        ,  0.        ],
       [ 0.        ,  8.        ,  0.        ,  0.        ,  0.        ,
         0.        ,  0.        ,  0.        ],
       [ 0.        ,  0.        ,  6.95829512,  0.26491632,  0.        ,
         0.        ,  0.        ,  0.        ],
       [ 0.        ,  0.        ,  0.26491632,  7.4717303 ,  0.        ,
         0.        ,  0.        ,  0.        ],
       [ 0.        ,  0.        ,  0.        ,  0.        ,  6.84520249,
        -0.04151634,  0.        ,  0.        ],
       [ 0.        ,  0.        ,  0.        ,  0.        , -0.04151634,
         7.58217607,  0.        ,  0.        ],
       [ 0.        ,  0.        ,  0.        ,  0.        ,  0.        ,
         0.        ,  8.        ,  0.        ],
       [ 0.        ,  0.        ,  0.        ,  0.        ,  0.        ,
         0.        ,  0.        ,  8.        ]]), 0)
New Decision node: state: (array([49.73460838, 31.72298527,  1.99149237]), array([50.        , 50.        , 50.64926969, 49.69766836, 49.32909009,
       49.86399553, 50.        , 50.        ]), array([[ 8.        ,  0.        ,  0.        ,  0.        ,  0.        ,
         0.        ,  0.        ,  0.        ],
       [ 0.        ,  8.        ,  0.        ,  0.        ,  0.        ,
         0.        ,  0.        ,  0.        ],
       [ 0.        ,  0.        ,  6.83483171,  0.31519372,  0.        ,
         0.        ,  0.        ,  0.        ],
       [ 0.        ,  0.        ,  0.31519372,  7.36534479,  0.        ,
         0.        ,  0.        ,  0.        ],
       [ 0.        ,  0.        ,  0.        ,  0.        ,  6.67310907,
        -0.01730283,  0.        ,  0.        ],
       [ 0.        ,  0.        ,  0.        ,  0.        , -0.01730283,
         7.50767299,  0.        ,  0.        ],
       [ 0.        ,  0.        ,  0.        ,  0.        ,  0.        ,
         0.        ,  8.        ,  0.        ],
       [ 0.        ,  0.        ,  0.        ,  0.        ,  0.        ,
         0.        ,  0.        ,  8.        ]]), 1)
is_final: True
visits: 0
reward: 0.0
is_root: False

Updated Decision node: state: (array([49.73460838, 31.72298527,  1.99149237]), array([50.        , 50.        , 50.64926969, 49.69766836, 49.32909009,
       49.86399553, 50.        , 50.        ]), array([[ 8.        ,  0.        ,  0.        ,  0.        ,  0.        ,
         0.        ,  0.        ,  0.        ],
       [ 0.        ,  8.        ,  0.        ,  0.        ,  0.        ,
         0.        ,  0.        ,  0.        ],
       [ 0.        ,  0.        ,  6.83483171,  0.31519372,  0.        ,
         0.        ,  0.        ,  0.        ],
       [ 0.        ,  0.        ,  0.31519372,  7.36534479,  0.        ,
         0.        ,  0.        ,  0.        ],
       [ 0.        ,  0.        ,  0.        ,  0.        ,  6.67310907,
        -0.01730283,  0.        ,  0.        ],
       [ 0.        ,  0.        ,  0.        ,  0.        , -0.01730283,
         7.50767299,  0.        ,  0.        ],
       [ 0.        ,  0.        ,  0.        ,  0.        ,  0.        ,
         0.        ,  8.        ,  0.        ],
       [ 0.        ,  0.        ,  0.        ,  0.        ,  0.        ,
         0.        ,  0.        ,  8.        ]]), 1)
is_final: True
visits: 0
reward: 0.0
is_root: False

Starting forward simulation state:  (array([49.73460838, 31.72298527,  1.99149237]), array([50.        , 50.        , 50.64926969, 49.69766836, 49.32909009,
       49.86399553, 50.        , 50.        ]), array([[ 8.        ,  0.        ,  0.        ,  0.        ,  0.        ,
         0.        ,  0.        ,  0.        ],
       [ 0.        ,  8.        ,  0.        ,  0.        ,  0.        ,
         0.        ,  0.        ,  0.        ],
       [ 0.        ,  0.        ,  6.83483171,  0.31519372,  0.        ,
         0.        ,  0.        ,  0.        ],
       [ 0.        ,  0.        ,  0.31519372,  7.36534479,  0.        ,
         0.        ,  0.        ,  0.        ],
       [ 0.        ,  0.        ,  0.        ,  0.        ,  6.67310907,
        -0.01730283,  0.        ,  0.        ],
       [ 0.        ,  0.        ,  0.        ,  0.        , -0.01730283,
         7.50767299,  0.        ,  0.        ],
       [ 0.        ,  0.        ,  0.        ,  0.        ,  0.        ,
         0.        ,  8.        ,  0.        ],
       [ 0.        ,  0.        ,  0.        ,  0.        ,  0.        ,
         0.        ,  0.        ,  8.        ]]), 1)
Next Learning Iteration
Node hash:  110530365413
Root node:  state: (array([49.84285649, 31.23484355,  1.78902047]), array([50.        , 50.        , 50.58708152, 49.73547442, 49.41222216,
       49.87478585, 50.        , 50.        ]), array([[ 8.        ,  0.        ,  0.        ,  0.        ,  0.        ,
         0.        ,  0.        ,  0.        ],
       [ 0.        ,  8.        ,  0.        ,  0.        ,  0.        ,
         0.        ,  0.        ,  0.        ],
       [ 0.        ,  0.        ,  6.95829512,  0.26491632,  0.        ,
         0.        ,  0.        ,  0.        ],
       [ 0.        ,  0.        ,  0.26491632,  7.4717303 ,  0.        ,
         0.        ,  0.        ,  0.        ],
       [ 0.        ,  0.        ,  0.        ,  0.        ,  6.84520249,
        -0.04151634,  0.        ,  0.        ],
       [ 0.        ,  0.        ,  0.        ,  0.        , -0.04151634,
         7.58217607,  0.        ,  0.        ],
       [ 0.        ,  0.        ,  0.        ,  0.        ,  0.        ,
         0.        ,  8.        ,  0.        ],
       [ 0.        ,  0.        ,  0.        ,  0.        ,  0.        ,
         0.        ,  0.        ,  8.        ]]), 0)
is_final: False
visits: 2
reward: 0.0
is_root: True

Starting Decision node:  state: (array([49.84285649, 31.23484355,  1.78902047]), array([50.        , 50.        , 50.58708152, 49.73547442, 49.41222216,
       49.87478585, 50.        , 50.        ]), array([[ 8.        ,  0.        ,  0.        ,  0.        ,  0.        ,
         0.        ,  0.        ,  0.        ],
       [ 0.        ,  8.        ,  0.        ,  0.        ,  0.        ,
         0.        ,  0.        ,  0.        ],
       [ 0.        ,  0.        ,  6.95829512,  0.26491632,  0.        ,
         0.        ,  0.        ,  0.        ],
       [ 0.        ,  0.        ,  0.26491632,  7.4717303 ,  0.        ,
         0.        ,  0.        ,  0.        ],
       [ 0.        ,  0.        ,  0.        ,  0.        ,  6.84520249,
        -0.04151634,  0.        ,  0.        ],
       [ 0.        ,  0.        ,  0.        ,  0.        , -0.04151634,
         7.58217607,  0.        ,  0.        ],
       [ 0.        ,  0.        ,  0.        ,  0.        ,  0.        ,
         0.        ,  8.        ,  0.        ],
       [ 0.        ,  0.        ,  0.        ,  0.        ,  0.        ,
         0.        ,  0.        ,  8.        ]]), 0)
is_final: False
visits: 2
reward: 0.0
is_root: True

Action selected: (5.0, 45.0)
New Random node: action: [ 5. 45.]
cumulative reward: 0.0
visits: 0
Starting forward simulation state:  (array([49.84285649, 31.23484355,  1.78902047]), array([50.        , 50.        , 50.58708152, 49.73547442, 49.41222216,
       49.87478585, 50.        , 50.        ]), array([[ 8.        ,  0.        ,  0.        ,  0.        ,  0.        ,
         0.        ,  0.        ,  0.        ],
       [ 0.        ,  8.        ,  0.        ,  0.        ,  0.        ,
         0.        ,  0.        ,  0.        ],
       [ 0.        ,  0.        ,  6.95829512,  0.26491632,  0.        ,
         0.        ,  0.        ,  0.        ],
       [ 0.        ,  0.        ,  0.26491632,  7.4717303 ,  0.        ,
         0.        ,  0.        ,  0.        ],
       [ 0.        ,  0.        ,  0.        ,  0.        ,  6.84520249,
        -0.04151634,  0.        ,  0.        ],
       [ 0.        ,  0.        ,  0.        ,  0.        , -0.04151634,
         7.58217607,  0.        ,  0.        ],
       [ 0.        ,  0.        ,  0.        ,  0.        ,  0.        ,
         0.        ,  8.        ,  0.        ],
       [ 0.        ,  0.        ,  0.        ,  0.        ,  0.        ,
         0.        ,  0.        ,  8.        ]]), 0)
New Decision node: state: (array([49.78873243, 31.47891441,  1.89025642]), array([50.        , 50.        , 50.68009318, 49.68052909, 49.31005657,
       49.86010631, 50.        , 50.        ]), array([[ 8.        ,  0.        ,  0.        ,  0.        ,  0.        ,
         0.        ,  0.        ,  0.        ],
       [ 0.        ,  8.        ,  0.        ,  0.        ,  0.        ,
         0.        ,  0.        ,  0.        ],
       [ 0.        ,  0.        ,  6.83375699,  0.31411321,  0.        ,
         0.        ,  0.        ,  0.        ],
       [ 0.        ,  0.        ,  0.31411321,  7.36853545,  0.        ,
         0.        ,  0.        ,  0.        ],
       [ 0.        ,  0.        ,  0.        ,  0.        ,  6.67652284,
        -0.03450328,  0.        ,  0.        ],
       [ 0.        ,  0.        ,  0.        ,  0.        , -0.03450328,
         7.51481316,  0.        ,  0.        ],
       [ 0.        ,  0.        ,  0.        ,  0.        ,  0.        ,
         0.        ,  8.        ,  0.        ],
       [ 0.        ,  0.        ,  0.        ,  0.        ,  0.        ,
         0.        ,  0.        ,  8.        ]]), 1)
is_final: True
visits: 0
reward: 0.0
is_root: False

Updated Decision node: state: (array([49.78873243, 31.47891441,  1.89025642]), array([50.        , 50.        , 50.68009318, 49.68052909, 49.31005657,
       49.86010631, 50.        , 50.        ]), array([[ 8.        ,  0.        ,  0.        ,  0.        ,  0.        ,
         0.        ,  0.        ,  0.        ],
       [ 0.        ,  8.        ,  0.        ,  0.        ,  0.        ,
         0.        ,  0.        ,  0.        ],
       [ 0.        ,  0.        ,  6.83375699,  0.31411321,  0.        ,
         0.        ,  0.        ,  0.        ],
       [ 0.        ,  0.        ,  0.31411321,  7.36853545,  0.        ,
         0.        ,  0.        ,  0.        ],
       [ 0.        ,  0.        ,  0.        ,  0.        ,  6.67652284,
        -0.03450328,  0.        ,  0.        ],
       [ 0.        ,  0.        ,  0.        ,  0.        , -0.03450328,
         7.51481316,  0.        ,  0.        ],
       [ 0.        ,  0.        ,  0.        ,  0.        ,  0.        ,
         0.        ,  8.        ,  0.        ],
       [ 0.        ,  0.        ,  0.        ,  0.        ,  0.        ,
         0.        ,  0.        ,  8.        ]]), 1)
is_final: True
visits: 0
reward: 0.0
is_root: False

Starting forward simulation state:  (array([49.78873243, 31.47891441,  1.89025642]), array([50.        , 50.        , 50.68009318, 49.68052909, 49.31005657,
       49.86010631, 50.        , 50.        ]), array([[ 8.        ,  0.        ,  0.        ,  0.        ,  0.        ,
         0.        ,  0.        ,  0.        ],
       [ 0.        ,  8.        ,  0.        ,  0.        ,  0.        ,
         0.        ,  0.        ,  0.        ],
       [ 0.        ,  0.        ,  6.83375699,  0.31411321,  0.        ,
         0.        ,  0.        ,  0.        ],
       [ 0.        ,  0.        ,  0.31411321,  7.36853545,  0.        ,
         0.        ,  0.        ,  0.        ],
       [ 0.        ,  0.        ,  0.        ,  0.        ,  6.67652284,
        -0.03450328,  0.        ,  0.        ],
       [ 0.        ,  0.        ,  0.        ,  0.        , -0.03450328,
         7.51481316,  0.        ,  0.        ],
       [ 0.        ,  0.        ,  0.        ,  0.        ,  0.        ,
         0.        ,  8.        ,  0.        ],
       [ 0.        ,  0.        ,  0.        ,  0.        ,  0.        ,
         0.        ,  0.        ,  8.        ]]), 1)
Next Learning Iteration
Node hash:  110530365413
Root node:  state: (array([49.84285649, 31.23484355,  1.78902047]), array([50.        , 50.        , 50.58708152, 49.73547442, 49.41222216,
       49.87478585, 50.        , 50.        ]), array([[ 8.        ,  0.        ,  0.        ,  0.        ,  0.        ,
         0.        ,  0.        ,  0.        ],
       [ 0.        ,  8.        ,  0.        ,  0.        ,  0.        ,
         0.        ,  0.        ,  0.        ],
       [ 0.        ,  0.        ,  6.95829512,  0.26491632,  0.        ,
         0.        ,  0.        ,  0.        ],
       [ 0.        ,  0.        ,  0.26491632,  7.4717303 ,  0.        ,
         0.        ,  0.        ,  0.        ],
       [ 0.        ,  0.        ,  0.        ,  0.        ,  6.84520249,
        -0.04151634,  0.        ,  0.        ],
       [ 0.        ,  0.        ,  0.        ,  0.        , -0.04151634,
         7.58217607,  0.        ,  0.        ],
       [ 0.        ,  0.        ,  0.        ,  0.        ,  0.        ,
         0.        ,  8.        ,  0.        ],
       [ 0.        ,  0.        ,  0.        ,  0.        ,  0.        ,
         0.        ,  0.        ,  8.        ]]), 0)
is_final: False
visits: 3
reward: 0.0
is_root: True

Starting Decision node:  state: (array([49.84285649, 31.23484355,  1.78902047]), array([50.        , 50.        , 50.58708152, 49.73547442, 49.41222216,
       49.87478585, 50.        , 50.        ]), array([[ 8.        ,  0.        ,  0.        ,  0.        ,  0.        ,
         0.        ,  0.        ,  0.        ],
       [ 0.        ,  8.        ,  0.        ,  0.        ,  0.        ,
         0.        ,  0.        ,  0.        ],
       [ 0.        ,  0.        ,  6.95829512,  0.26491632,  0.        ,
         0.        ,  0.        ,  0.        ],
       [ 0.        ,  0.        ,  0.26491632,  7.4717303 ,  0.        ,
         0.        ,  0.        ,  0.        ],
       [ 0.        ,  0.        ,  0.        ,  0.        ,  6.84520249,
        -0.04151634,  0.        ,  0.        ],
       [ 0.        ,  0.        ,  0.        ,  0.        , -0.04151634,
         7.58217607,  0.        ,  0.        ],
       [ 0.        ,  0.        ,  0.        ,  0.        ,  0.        ,
         0.        ,  8.        ,  0.        ],
       [ 0.        ,  0.        ,  0.        ,  0.        ,  0.        ,
         0.        ,  0.        ,  8.        ]]), 0)
is_final: False
visits: 3
reward: 0.0
is_root: True

Action selected: (5.0, 45.0)
New Random node: action: [ 5. 45.]
cumulative reward: -60.17
visits: 1
Starting forward simulation state:  (array([49.84285649, 31.23484355,  1.78902047]), array([50.        , 50.        , 50.58708152, 49.73547442, 49.41222216,
       49.87478585, 50.        , 50.        ]), array([[ 8.        ,  0.        ,  0.        ,  0.        ,  0.        ,
         0.        ,  0.        ,  0.        ],
       [ 0.        ,  8.        ,  0.        ,  0.        ,  0.        ,
         0.        ,  0.        ,  0.        ],
       [ 0.        ,  0.        ,  6.95829512,  0.26491632,  0.        ,
         0.        ,  0.        ,  0.        ],
       [ 0.        ,  0.        ,  0.26491632,  7.4717303 ,  0.        ,
         0.        ,  0.        ,  0.        ],
       [ 0.        ,  0.        ,  0.        ,  0.        ,  6.84520249,
        -0.04151634,  0.        ,  0.        ],
       [ 0.        ,  0.        ,  0.        ,  0.        , -0.04151634,
         7.58217607,  0.        ,  0.        ],
       [ 0.        ,  0.        ,  0.        ,  0.        ,  0.        ,
         0.        ,  8.        ,  0.        ],
       [ 0.        ,  0.        ,  0.        ,  0.        ,  0.        ,
         0.        ,  0.        ,  8.        ]]), 0)
New Decision node: state: (array([49.78873243, 31.47891441,  1.89025642]), array([50.        , 50.        , 50.66120916, 49.68780876, 49.33273638,
       49.87067546, 50.        , 50.        ]), array([[ 8.        ,  0.        ,  0.        ,  0.        ,  0.        ,
         0.        ,  0.        ,  0.        ],
       [ 0.        ,  8.        ,  0.        ,  0.        ,  0.        ,
         0.        ,  0.        ,  0.        ],
       [ 0.        ,  0.        ,  6.81825312,  0.312593  ,  0.        ,
         0.        ,  0.        ,  0.        ],
       [ 0.        ,  0.        ,  0.312593  ,  7.37319554,  0.        ,
         0.        ,  0.        ,  0.        ],
       [ 0.        ,  0.        ,  0.        ,  0.        ,  6.68360772,
        -0.02810725,  0.        ,  0.        ],
       [ 0.        ,  0.        ,  0.        ,  0.        , -0.02810725,
         7.51620784,  0.        ,  0.        ],
       [ 0.        ,  0.        ,  0.        ,  0.        ,  0.        ,
         0.        ,  8.        ,  0.        ],
       [ 0.        ,  0.        ,  0.        ,  0.        ,  0.        ,
         0.        ,  0.        ,  8.        ]]), 1)
is_final: True
visits: 0
reward: 0.0
is_root: False

Updated Decision node: state: (array([49.78873243, 31.47891441,  1.89025642]), array([50.        , 50.        , 50.66120916, 49.68780876, 49.33273638,
       49.87067546, 50.        , 50.        ]), array([[ 8.        ,  0.        ,  0.        ,  0.        ,  0.        ,
         0.        ,  0.        ,  0.        ],
       [ 0.        ,  8.        ,  0.        ,  0.        ,  0.        ,
         0.        ,  0.        ,  0.        ],
       [ 0.        ,  0.        ,  6.81825312,  0.312593  ,  0.        ,
         0.        ,  0.        ,  0.        ],
       [ 0.        ,  0.        ,  0.312593  ,  7.37319554,  0.        ,
         0.        ,  0.        ,  0.        ],
       [ 0.        ,  0.        ,  0.        ,  0.        ,  6.68360772,
        -0.02810725,  0.        ,  0.        ],
       [ 0.        ,  0.        ,  0.        ,  0.        , -0.02810725,
         7.51620784,  0.        ,  0.        ],
       [ 0.        ,  0.        ,  0.        ,  0.        ,  0.        ,
         0.        ,  8.        ,  0.        ],
       [ 0.        ,  0.        ,  0.        ,  0.        ,  0.        ,
         0.        ,  0.        ,  8.        ]]), 1)
is_final: True
visits: 0
reward: 0.0
is_root: False

Starting forward simulation state:  (array([49.78873243, 31.47891441,  1.89025642]), array([50.        , 50.        , 50.66120916, 49.68780876, 49.33273638,
       49.87067546, 50.        , 50.        ]), array([[ 8.        ,  0.        ,  0.        ,  0.        ,  0.        ,
         0.        ,  0.        ,  0.        ],
       [ 0.        ,  8.        ,  0.        ,  0.        ,  0.        ,
         0.        ,  0.        ,  0.        ],
       [ 0.        ,  0.        ,  6.81825312,  0.312593  ,  0.        ,
         0.        ,  0.        ,  0.        ],
       [ 0.        ,  0.        ,  0.312593  ,  7.37319554,  0.        ,
         0.        ,  0.        ,  0.        ],
       [ 0.        ,  0.        ,  0.        ,  0.        ,  6.68360772,
        -0.02810725,  0.        ,  0.        ],
       [ 0.        ,  0.        ,  0.        ,  0.        , -0.02810725,
         7.51620784,  0.        ,  0.        ],
       [ 0.        ,  0.        ,  0.        ,  0.        ,  0.        ,
         0.        ,  8.        ,  0.        ],
       [ 0.        ,  0.        ,  0.        ,  0.        ,  0.        ,
         0.        ,  0.        ,  8.        ]]), 1)
Next Learning Iteration
Node hash:  110530365413
Root node:  state: (array([49.84285649, 31.23484355,  1.78902047]), array([50.        , 50.        , 50.58708152, 49.73547442, 49.41222216,
       49.87478585, 50.        , 50.        ]), array([[ 8.        ,  0.        ,  0.        ,  0.        ,  0.        ,
         0.        ,  0.        ,  0.        ],
       [ 0.        ,  8.        ,  0.        ,  0.        ,  0.        ,
         0.        ,  0.        ,  0.        ],
       [ 0.        ,  0.        ,  6.95829512,  0.26491632,  0.        ,
         0.        ,  0.        ,  0.        ],
       [ 0.        ,  0.        ,  0.26491632,  7.4717303 ,  0.        ,
         0.        ,  0.        ,  0.        ],
       [ 0.        ,  0.        ,  0.        ,  0.        ,  6.84520249,
        -0.04151634,  0.        ,  0.        ],
       [ 0.        ,  0.        ,  0.        ,  0.        , -0.04151634,
         7.58217607,  0.        ,  0.        ],
       [ 0.        ,  0.        ,  0.        ,  0.        ,  0.        ,
         0.        ,  8.        ,  0.        ],
       [ 0.        ,  0.        ,  0.        ,  0.        ,  0.        ,
         0.        ,  0.        ,  8.        ]]), 0)
is_final: False
visits: 4
reward: 0.0
is_root: True

Starting Decision node:  state: (array([49.84285649, 31.23484355,  1.78902047]), array([50.        , 50.        , 50.58708152, 49.73547442, 49.41222216,
       49.87478585, 50.        , 50.        ]), array([[ 8.        ,  0.        ,  0.        ,  0.        ,  0.        ,
         0.        ,  0.        ,  0.        ],
       [ 0.        ,  8.        ,  0.        ,  0.        ,  0.        ,
         0.        ,  0.        ,  0.        ],
       [ 0.        ,  0.        ,  6.95829512,  0.26491632,  0.        ,
         0.        ,  0.        ,  0.        ],
       [ 0.        ,  0.        ,  0.26491632,  7.4717303 ,  0.        ,
         0.        ,  0.        ,  0.        ],
       [ 0.        ,  0.        ,  0.        ,  0.        ,  6.84520249,
        -0.04151634,  0.        ,  0.        ],
       [ 0.        ,  0.        ,  0.        ,  0.        , -0.04151634,
         7.58217607,  0.        ,  0.        ],
       [ 0.        ,  0.        ,  0.        ,  0.        ,  0.        ,
         0.        ,  8.        ,  0.        ],
       [ 0.        ,  0.        ,  0.        ,  0.        ,  0.        ,
         0.        ,  0.        ,  8.        ]]), 0)
is_final: False
visits: 4
reward: 0.0
is_root: True

Action selected: (5.0, 45.0)
New Random node: action: [ 5. 45.]
cumulative reward: -80.22
visits: 2
Starting forward simulation state:  (array([49.84285649, 31.23484355,  1.78902047]), array([50.        , 50.        , 50.58708152, 49.73547442, 49.41222216,
       49.87478585, 50.        , 50.        ]), array([[ 8.        ,  0.        ,  0.        ,  0.        ,  0.        ,
         0.        ,  0.        ,  0.        ],
       [ 0.        ,  8.        ,  0.        ,  0.        ,  0.        ,
         0.        ,  0.        ,  0.        ],
       [ 0.        ,  0.        ,  6.95829512,  0.26491632,  0.        ,
         0.        ,  0.        ,  0.        ],
       [ 0.        ,  0.        ,  0.26491632,  7.4717303 ,  0.        ,
         0.        ,  0.        ,  0.        ],
       [ 0.        ,  0.        ,  0.        ,  0.        ,  6.84520249,
        -0.04151634,  0.        ,  0.        ],
       [ 0.        ,  0.        ,  0.        ,  0.        , -0.04151634,
         7.58217607,  0.        ,  0.        ],
       [ 0.        ,  0.        ,  0.        ,  0.        ,  0.        ,
         0.        ,  8.        ,  0.        ],
       [ 0.        ,  0.        ,  0.        ,  0.        ,  0.        ,
         0.        ,  0.        ,  8.        ]]), 0)
New Decision node: state: (array([49.78873243, 31.47891441,  1.89025642]), array([50.        , 50.        , 50.67934709, 49.67300906, 49.30783078,
       49.85722343, 50.        , 50.        ]), array([[ 8.        ,  0.        ,  0.        ,  0.        ,  0.        ,
         0.        ,  0.        ,  0.        ],
       [ 0.        ,  8.        ,  0.        ,  0.        ,  0.        ,
         0.        ,  0.        ,  0.        ],
       [ 0.        ,  0.        ,  6.82397832,  0.31573822,  0.        ,
         0.        ,  0.        ,  0.        ],
       [ 0.        ,  0.        ,  0.31573822,  7.36594715,  0.        ,
         0.        ,  0.        ,  0.        ],
       [ 0.        ,  0.        ,  0.        ,  0.        ,  6.67416987,
        -0.03515668,  0.        ,  0.        ],
       [ 0.        ,  0.        ,  0.        ,  0.        , -0.03515668,
         7.51395611,  0.        ,  0.        ],
       [ 0.        ,  0.        ,  0.        ,  0.        ,  0.        ,
         0.        ,  8.        ,  0.        ],
       [ 0.        ,  0.        ,  0.        ,  0.        ,  0.        ,
         0.        ,  0.        ,  8.        ]]), 1)
is_final: True
visits: 0
reward: 0.0
is_root: False

Updated Decision node: state: (array([49.78873243, 31.47891441,  1.89025642]), array([50.        , 50.        , 50.67934709, 49.67300906, 49.30783078,
       49.85722343, 50.        , 50.        ]), array([[ 8.        ,  0.        ,  0.        ,  0.        ,  0.        ,
         0.        ,  0.        ,  0.        ],
       [ 0.        ,  8.        ,  0.        ,  0.        ,  0.        ,
         0.        ,  0.        ,  0.        ],
       [ 0.        ,  0.        ,  6.82397832,  0.31573822,  0.        ,
         0.        ,  0.        ,  0.        ],
       [ 0.        ,  0.        ,  0.31573822,  7.36594715,  0.        ,
         0.        ,  0.        ,  0.        ],
       [ 0.        ,  0.        ,  0.        ,  0.        ,  6.67416987,
        -0.03515668,  0.        ,  0.        ],
       [ 0.        ,  0.        ,  0.        ,  0.        , -0.03515668,
         7.51395611,  0.        ,  0.        ],
       [ 0.        ,  0.        ,  0.        ,  0.        ,  0.        ,
         0.        ,  8.        ,  0.        ],
       [ 0.        ,  0.        ,  0.        ,  0.        ,  0.        ,
         0.        ,  0.        ,  8.        ]]), 1)
is_final: True
visits: 0
reward: 0.0
is_root: False

Starting forward simulation state:  (array([49.78873243, 31.47891441,  1.89025642]), array([50.        , 50.        , 50.67934709, 49.67300906, 49.30783078,
       49.85722343, 50.        , 50.        ]), array([[ 8.        ,  0.        ,  0.        ,  0.        ,  0.        ,
         0.        ,  0.        ,  0.        ],
       [ 0.        ,  8.        ,  0.        ,  0.        ,  0.        ,
         0.        ,  0.        ,  0.        ],
       [ 0.        ,  0.        ,  6.82397832,  0.31573822,  0.        ,
         0.        ,  0.        ,  0.        ],
       [ 0.        ,  0.        ,  0.31573822,  7.36594715,  0.        ,
         0.        ,  0.        ,  0.        ],
       [ 0.        ,  0.        ,  0.        ,  0.        ,  6.67416987,
        -0.03515668,  0.        ,  0.        ],
       [ 0.        ,  0.        ,  0.        ,  0.        , -0.03515668,
         7.51395611,  0.        ,  0.        ],
       [ 0.        ,  0.        ,  0.        ,  0.        ,  0.        ,
         0.        ,  8.        ,  0.        ],
       [ 0.        ,  0.        ,  0.        ,  0.        ,  0.        ,
         0.        ,  0.        ,  8.        ]]), 1)
MCTS Action:  [ 5. 45.]